Time (sec), Heater 1 (%), Heater 2 (%), Temperature 1 (degC), Temperature 2 (degC), Set Point 1 (degC), Set Point 2 (degC)
0.000000000000000000e+00,0.000000000000000000e+00,0.000000000000000000e+00,2.379899999999999949e+01,2.347700000000000031e+01,2.300000000000000000e+01,2.300000000000000000e+01
1.001029014587402344e+00,0.000000000000000000e+00,0.000000000000000000e+00,2.379899999999999949e+01,2.347700000000000031e+01,2.300000000000000000e+01,2.300000000000000000e+01
2.002063989639282227e+00,0.000000000000000000e+00,0.000000000000000000e+00,2.379899999999999949e+01,2.347700000000000031e+01,2.300000000000000000e+01,2.300000000000000000e+01
3.003100156784057617e+00,0.000000000000000000e+00,0.000000000000000000e+00,2.379899999999999949e+01,2.347700000000000031e+01,2.300000000000000000e+01,2.300000000000000000e+01
4.004101037979125977e+00,0.000000000000000000e+00,0.000000000000000000e+00,2.379899999999999949e+01,2.347700000000000031e+01,2.300000000000000000e+01,2.300000000000000000e+01
5.005142927169799805e+00,0.000000000000000000e+00,0.000000000000000000e+00,2.379899999999999949e+01,2.347700000000000031e+01,2.300000000000000000e+01,2.300000000000000000e+01
6.006170988082885742e+00,0.000000000000000000e+00,0.000000000000000000e+00,2.379899999999999949e+01,2.347700000000000031e+01,2.300000000000000000e+01,2.300000000000000000e+01
7.007205963134765625e+00,0.000000000000000000e+00,0.000000000000000000e+00,2.379899999999999949e+01,2.347700000000000031e+01,2.300000000000000000e+01,2.300000000000000000e+01
8.008239030838012695e+00,0.000000000000000000e+00,0.000000000000000000e+00,2.379899999999999949e+01,2.347700000000000031e+01,2.300000000000000000e+01,2.300000000000000000e+01
9.009277820587158203e+00,0.000000000000000000e+00,0.000000000000000000e+00,2.379899999999999949e+01,2.347700000000000031e+01,2.300000000000000000e+01,2.300000000000000000e+01
1.001031589508056641e+01,8.000000000000000000e+01,0.000000000000000000e+00,2.379899999999999949e+01,2.347700000000000031e+01,2.300000000000000000e+01,2.300000000000000000e+01
1.101135396957397461e+01,8.000000000000000000e+01,0.000000000000000000e+00,2.379899999999999949e+01,2.347700000000000031e+01,2.300000000000000000e+01,2.300000000000000000e+01
1.201239299774169922e+01,8.000000000000000000e+01,0.000000000000000000e+00,2.379899999999999949e+01,2.347700000000000031e+01,2.300000000000000000e+01,2.300000000000000000e+01
1.301342296600341797e+01,8.000000000000000000e+01,0.000000000000000000e+00,2.379899999999999949e+01,2.347700000000000031e+01,2.300000000000000000e+01,2.300000000000000000e+01
1.401446700096130371e+01,8.000000000000000000e+01,0.000000000000000000e+00,2.379899999999999949e+01,2.347700000000000031e+01,2.300000000000000000e+01,2.300000000000000000e+01
1.501550197601318359e+01,8.000000000000000000e+01,0.000000000000000000e+00,2.379899999999999949e+01,2.347700000000000031e+01,2.300000000000000000e+01,2.300000000000000000e+01
1.601654219627380371e+01,8.000000000000000000e+01,0.000000000000000000e+00,2.383099999999999952e+01,2.347700000000000031e+01,2.300000000000000000e+01,2.300000000000000000e+01
1.701758003234863281e+01,8.000000000000000000e+01,0.000000000000000000e+00,2.379899999999999949e+01,2.347700000000000031e+01,2.300000000000000000e+01,2.300000000000000000e+01
1.801800584793090820e+01,8.000000000000000000e+01,0.000000000000000000e+00,2.383099999999999952e+01,2.347700000000000031e+01,2.300000000000000000e+01,2.300000000000000000e+01
1.901904201507568359e+01,8.000000000000000000e+01,0.000000000000000000e+00,2.379899999999999949e+01,2.350900000000000034e+01,2.300000000000000000e+01,2.300000000000000000e+01
2.002007389068603516e+01,8.000000000000000000e+01,0.000000000000000000e+00,2.379899999999999949e+01,2.347700000000000031e+01,2.300000000000000000e+01,2.300000000000000000e+01
2.102110505104064941e+01,8.000000000000000000e+01,0.000000000000000000e+00,2.383099999999999952e+01,2.347700000000000031e+01,2.300000000000000000e+01,2.300000000000000000e+01
2.202213597297668457e+01,8.000000000000000000e+01,0.000000000000000000e+00,2.379899999999999949e+01,2.347700000000000031e+01,2.300000000000000000e+01,2.300000000000000000e+01
2.302316308021545410e+01,8.000000000000000000e+01,0.000000000000000000e+00,2.379899999999999949e+01,2.347700000000000031e+01,2.300000000000000000e+01,2.300000000000000000e+01
2.402331304550170898e+01,8.000000000000000000e+01,0.000000000000000000e+00,2.379899999999999949e+01,2.347700000000000031e+01,2.300000000000000000e+01,2.300000000000000000e+01
2.502434086799621582e+01,8.000000000000000000e+01,0.000000000000000000e+00,2.379899999999999949e+01,2.347700000000000031e+01,2.300000000000000000e+01,2.300000000000000000e+01
2.602536797523498535e+01,8.000000000000000000e+01,0.000000000000000000e+00,2.379899999999999949e+01,2.347700000000000031e+01,2.300000000000000000e+01,2.300000000000000000e+01
2.702639412879943848e+01,8.000000000000000000e+01,0.000000000000000000e+00,2.379899999999999949e+01,2.347700000000000031e+01,2.300000000000000000e+01,2.300000000000000000e+01
2.802725100517272949e+01,8.000000000000000000e+01,0.000000000000000000e+00,2.383099999999999952e+01,2.347700000000000031e+01,2.300000000000000000e+01,2.300000000000000000e+01
2.902827310562133789e+01,8.000000000000000000e+01,0.000000000000000000e+00,2.383099999999999952e+01,2.347700000000000031e+01,2.300000000000000000e+01,2.300000000000000000e+01
3.002930402755737305e+01,8.000000000000000000e+01,0.000000000000000000e+00,2.386299999999999955e+01,2.347700000000000031e+01,2.300000000000000000e+01,2.300000000000000000e+01
3.103032708168029785e+01,8.000000000000000000e+01,0.000000000000000000e+00,2.379899999999999949e+01,2.347700000000000031e+01,2.300000000000000000e+01,2.300000000000000000e+01
3.203135299682617188e+01,8.000000000000000000e+01,0.000000000000000000e+00,2.383099999999999952e+01,2.347700000000000031e+01,2.300000000000000000e+01,2.300000000000000000e+01
3.303240013122558594e+01,8.000000000000000000e+01,0.000000000000000000e+00,2.383099999999999952e+01,2.347700000000000031e+01,2.300000000000000000e+01,2.300000000000000000e+01
3.403343200683593750e+01,8.000000000000000000e+01,0.000000000000000000e+00,2.392800000000000082e+01,2.347700000000000031e+01,2.300000000000000000e+01,2.300000000000000000e+01
3.503445601463317871e+01,8.000000000000000000e+01,0.000000000000000000e+00,2.379899999999999949e+01,2.347700000000000031e+01,2.300000000000000000e+01,2.300000000000000000e+01
3.603450298309326172e+01,8.000000000000000000e+01,0.000000000000000000e+00,2.379899999999999949e+01,2.347700000000000031e+01,2.300000000000000000e+01,2.300000000000000000e+01
3.703552985191345215e+01,8.000000000000000000e+01,0.000000000000000000e+00,2.379899999999999949e+01,2.347700000000000031e+01,2.300000000000000000e+01,2.300000000000000000e+01
3.803623700141906738e+01,8.000000000000000000e+01,0.000000000000000000e+00,2.389600000000000080e+01,2.347700000000000031e+01,2.300000000000000000e+01,2.300000000000000000e+01
3.903669595718383789e+01,8.000000000000000000e+01,0.000000000000000000e+00,2.386299999999999955e+01,2.347700000000000031e+01,2.300000000000000000e+01,2.300000000000000000e+01
4.003714609146118164e+01,8.000000000000000000e+01,0.000000000000000000e+00,2.386299999999999955e+01,2.347700000000000031e+01,2.300000000000000000e+01,2.300000000000000000e+01
4.103760194778442383e+01,8.000000000000000000e+01,0.000000000000000000e+00,2.386299999999999955e+01,2.347700000000000031e+01,2.300000000000000000e+01,2.300000000000000000e+01
4.203852009773254395e+01,8.000000000000000000e+01,0.000000000000000000e+00,2.386299999999999955e+01,2.347700000000000031e+01,2.300000000000000000e+01,2.300000000000000000e+01
4.303940486907958984e+01,8.000000000000000000e+01,0.000000000000000000e+00,2.386299999999999955e+01,2.347700000000000031e+01,2.300000000000000000e+01,2.300000000000000000e+01
4.403964686393737793e+01,8.000000000000000000e+01,0.000000000000000000e+00,2.379899999999999949e+01,2.347700000000000031e+01,2.300000000000000000e+01,2.300000000000000000e+01
4.504068017005920410e+01,8.000000000000000000e+01,0.000000000000000000e+00,2.389600000000000080e+01,2.347700000000000031e+01,2.300000000000000000e+01,2.300000000000000000e+01
4.604170989990234375e+01,8.000000000000000000e+01,0.000000000000000000e+00,2.386299999999999955e+01,2.347700000000000031e+01,2.300000000000000000e+01,2.300000000000000000e+01
4.704273605346679688e+01,8.000000000000000000e+01,0.000000000000000000e+00,2.392800000000000082e+01,2.347700000000000031e+01,2.300000000000000000e+01,2.300000000000000000e+01
4.804377317428588867e+01,8.000000000000000000e+01,0.000000000000000000e+00,2.386299999999999955e+01,2.347700000000000031e+01,2.300000000000000000e+01,2.300000000000000000e+01
4.904481410980224609e+01,8.000000000000000000e+01,0.000000000000000000e+00,2.389600000000000080e+01,2.347700000000000031e+01,2.300000000000000000e+01,2.300000000000000000e+01
5.004577708244323730e+01,8.000000000000000000e+01,0.000000000000000000e+00,2.399200000000000088e+01,2.347700000000000031e+01,2.300000000000000000e+01,2.300000000000000000e+01
5.104681015014648438e+01,8.000000000000000000e+01,0.000000000000000000e+00,2.389600000000000080e+01,2.347700000000000031e+01,2.300000000000000000e+01,2.300000000000000000e+01
5.204751801490783691e+01,8.000000000000000000e+01,0.000000000000000000e+00,2.399200000000000088e+01,2.347700000000000031e+01,2.300000000000000000e+01,2.300000000000000000e+01
5.304855012893676758e+01,8.000000000000000000e+01,0.000000000000000000e+00,2.389600000000000080e+01,2.347700000000000031e+01,2.300000000000000000e+01,2.300000000000000000e+01
5.404957890510559082e+01,8.000000000000000000e+01,0.000000000000000000e+00,2.386299999999999955e+01,2.347700000000000031e+01,2.300000000000000000e+01,2.300000000000000000e+01
5.505061697959899902e+01,8.000000000000000000e+01,0.000000000000000000e+00,2.402400000000000091e+01,2.350900000000000034e+01,2.300000000000000000e+01,2.300000000000000000e+01
5.605164885520935059e+01,8.000000000000000000e+01,0.000000000000000000e+00,2.402400000000000091e+01,2.347700000000000031e+01,2.300000000000000000e+01,2.300000000000000000e+01
5.705267715454101562e+01,8.000000000000000000e+01,0.000000000000000000e+00,2.386299999999999955e+01,2.347700000000000031e+01,2.300000000000000000e+01,2.300000000000000000e+01
5.805317497253417969e+01,8.000000000000000000e+01,0.000000000000000000e+00,2.402400000000000091e+01,2.347700000000000031e+01,2.300000000000000000e+01,2.300000000000000000e+01
5.905420303344726562e+01,8.000000000000000000e+01,0.000000000000000000e+00,2.392800000000000082e+01,2.347700000000000031e+01,2.300000000000000000e+01,2.300000000000000000e+01
6.005522918701171875e+01,8.000000000000000000e+01,0.000000000000000000e+00,2.396000000000000085e+01,2.347700000000000031e+01,2.300000000000000000e+01,2.300000000000000000e+01
6.105626106262207031e+01,8.000000000000000000e+01,0.000000000000000000e+00,2.389600000000000080e+01,2.347700000000000031e+01,2.300000000000000000e+01,2.300000000000000000e+01
6.205728888511657715e+01,8.000000000000000000e+01,0.000000000000000000e+00,2.389600000000000080e+01,2.350900000000000034e+01,2.300000000000000000e+01,2.300000000000000000e+01
6.305831599235534668e+01,8.000000000000000000e+01,0.000000000000000000e+00,2.402400000000000091e+01,2.347700000000000031e+01,2.300000000000000000e+01,2.300000000000000000e+01
6.405934000015258789e+01,8.000000000000000000e+01,0.000000000000000000e+00,2.396000000000000085e+01,2.347700000000000031e+01,2.300000000000000000e+01,2.300000000000000000e+01
6.506006813049316406e+01,8.000000000000000000e+01,0.000000000000000000e+00,2.408899999999999864e+01,2.350900000000000034e+01,2.300000000000000000e+01,2.300000000000000000e+01
6.606109189987182617e+01,8.000000000000000000e+01,0.000000000000000000e+00,2.396000000000000085e+01,2.347700000000000031e+01,2.300000000000000000e+01,2.300000000000000000e+01
6.706212091445922852e+01,8.000000000000000000e+01,0.000000000000000000e+00,2.402400000000000091e+01,2.354100000000000037e+01,2.300000000000000000e+01,2.300000000000000000e+01
6.806214809417724609e+01,8.000000000000000000e+01,0.000000000000000000e+00,2.396000000000000085e+01,2.347700000000000031e+01,2.300000000000000000e+01,2.300000000000000000e+01
6.906317090988159180e+01,8.000000000000000000e+01,0.000000000000000000e+00,2.399200000000000088e+01,2.350900000000000034e+01,2.300000000000000000e+01,2.300000000000000000e+01
7.006420302391052246e+01,8.000000000000000000e+01,0.000000000000000000e+00,2.402400000000000091e+01,2.347700000000000031e+01,2.300000000000000000e+01,2.300000000000000000e+01
7.106523418426513672e+01,8.000000000000000000e+01,0.000000000000000000e+00,2.402400000000000091e+01,2.347700000000000031e+01,2.300000000000000000e+01,2.300000000000000000e+01
7.206626701354980469e+01,8.000000000000000000e+01,0.000000000000000000e+00,2.405699999999999861e+01,2.347700000000000031e+01,2.300000000000000000e+01,2.300000000000000000e+01
7.306729888916015625e+01,8.000000000000000000e+01,0.000000000000000000e+00,2.405699999999999861e+01,2.350900000000000034e+01,2.300000000000000000e+01,2.300000000000000000e+01
7.406832504272460938e+01,8.000000000000000000e+01,0.000000000000000000e+00,2.399200000000000088e+01,2.347700000000000031e+01,2.300000000000000000e+01,2.300000000000000000e+01
7.506935691833496094e+01,8.000000000000000000e+01,0.000000000000000000e+00,2.405699999999999861e+01,2.363800000000000168e+01,2.300000000000000000e+01,2.300000000000000000e+01
7.607019901275634766e+01,8.000000000000000000e+01,0.000000000000000000e+00,2.405699999999999861e+01,2.347700000000000031e+01,2.300000000000000000e+01,2.300000000000000000e+01
7.707123184204101562e+01,8.000000000000000000e+01,0.000000000000000000e+00,2.405699999999999861e+01,2.347700000000000031e+01,2.300000000000000000e+01,2.300000000000000000e+01
7.807191014289855957e+01,8.000000000000000000e+01,0.000000000000000000e+00,2.405699999999999861e+01,2.354100000000000037e+01,2.300000000000000000e+01,2.300000000000000000e+01
7.907294511795043945e+01,8.000000000000000000e+01,0.000000000000000000e+00,2.412099999999999866e+01,2.350900000000000034e+01,2.300000000000000000e+01,2.300000000000000000e+01
8.007397913932800293e+01,8.000000000000000000e+01,0.000000000000000000e+00,2.408899999999999864e+01,2.354100000000000037e+01,2.300000000000000000e+01,2.300000000000000000e+01
8.107501196861267090e+01,8.000000000000000000e+01,0.000000000000000000e+00,2.405699999999999861e+01,2.347700000000000031e+01,2.300000000000000000e+01,2.300000000000000000e+01
8.207549619674682617e+01,8.000000000000000000e+01,0.000000000000000000e+00,2.408899999999999864e+01,2.347700000000000031e+01,2.300000000000000000e+01,2.300000000000000000e+01
8.307652711868286133e+01,8.000000000000000000e+01,0.000000000000000000e+00,2.402400000000000091e+01,2.347700000000000031e+01,2.300000000000000000e+01,2.300000000000000000e+01
8.407755684852600098e+01,8.000000000000000000e+01,0.000000000000000000e+00,2.412099999999999866e+01,2.347700000000000031e+01,2.300000000000000000e+01,2.300000000000000000e+01
8.507820415496826172e+01,8.000000000000000000e+01,0.000000000000000000e+00,2.408899999999999864e+01,2.347700000000000031e+01,2.300000000000000000e+01,2.300000000000000000e+01
8.607923603057861328e+01,8.000000000000000000e+01,0.000000000000000000e+00,2.405699999999999861e+01,2.357300000000000040e+01,2.300000000000000000e+01,2.300000000000000000e+01
8.708026695251464844e+01,8.000000000000000000e+01,0.000000000000000000e+00,2.408899999999999864e+01,2.350900000000000034e+01,2.300000000000000000e+01,2.300000000000000000e+01
8.808132386207580566e+01,8.000000000000000000e+01,0.000000000000000000e+00,2.412099999999999866e+01,2.350900000000000034e+01,2.300000000000000000e+01,2.300000000000000000e+01
8.908235311508178711e+01,8.000000000000000000e+01,0.000000000000000000e+00,2.405699999999999861e+01,2.347700000000000031e+01,2.300000000000000000e+01,2.300000000000000000e+01
9.008339095115661621e+01,8.000000000000000000e+01,0.000000000000000000e+00,2.412099999999999866e+01,2.357300000000000040e+01,2.300000000000000000e+01,2.300000000000000000e+01
9.108442306518554688e+01,8.000000000000000000e+01,0.000000000000000000e+00,2.405699999999999861e+01,2.347700000000000031e+01,2.300000000000000000e+01,2.300000000000000000e+01
9.208545398712158203e+01,8.000000000000000000e+01,0.000000000000000000e+00,2.408899999999999864e+01,2.347700000000000031e+01,2.300000000000000000e+01,2.300000000000000000e+01
9.308576703071594238e+01,8.000000000000000000e+01,0.000000000000000000e+00,2.408899999999999864e+01,2.347700000000000031e+01,2.300000000000000000e+01,2.300000000000000000e+01
9.408621501922607422e+01,8.000000000000000000e+01,0.000000000000000000e+00,2.408899999999999864e+01,2.347700000000000031e+01,2.300000000000000000e+01,2.300000000000000000e+01
9.508723902702331543e+01,8.000000000000000000e+01,0.000000000000000000e+00,2.412099999999999866e+01,2.354100000000000037e+01,2.300000000000000000e+01,2.300000000000000000e+01
9.608827209472656250e+01,8.000000000000000000e+01,0.000000000000000000e+00,2.412099999999999866e+01,2.350900000000000034e+01,2.300000000000000000e+01,2.300000000000000000e+01
9.708930182456970215e+01,8.000000000000000000e+01,0.000000000000000000e+00,2.412099999999999866e+01,2.347700000000000031e+01,2.300000000000000000e+01,2.300000000000000000e+01
9.809033489227294922e+01,8.000000000000000000e+01,0.000000000000000000e+00,2.412099999999999866e+01,2.354100000000000037e+01,2.300000000000000000e+01,2.300000000000000000e+01
9.909136295318603516e+01,8.000000000000000000e+01,0.000000000000000000e+00,2.412099999999999866e+01,2.350900000000000034e+01,2.300000000000000000e+01,2.300000000000000000e+01
1.000915310382843018e+02,8.000000000000000000e+01,0.000000000000000000e+00,2.412099999999999866e+01,2.347700000000000031e+01,2.300000000000000000e+01,2.300000000000000000e+01
1.010926010608673096e+02,8.000000000000000000e+01,0.000000000000000000e+00,2.412099999999999866e+01,2.347700000000000031e+01,2.300000000000000000e+01,2.300000000000000000e+01
1.020931639671325684e+02,8.000000000000000000e+01,0.000000000000000000e+00,2.412099999999999866e+01,2.347700000000000031e+01,2.300000000000000000e+01,2.300000000000000000e+01
1.030941910743713379e+02,8.000000000000000000e+01,0.000000000000000000e+00,2.408899999999999864e+01,2.354100000000000037e+01,2.300000000000000000e+01,2.300000000000000000e+01
1.040952298641204834e+02,8.000000000000000000e+01,0.000000000000000000e+00,2.408899999999999864e+01,2.350900000000000034e+01,2.300000000000000000e+01,2.300000000000000000e+01
1.050962731838226318e+02,8.000000000000000000e+01,0.000000000000000000e+00,2.412099999999999866e+01,2.354100000000000037e+01,2.300000000000000000e+01,2.300000000000000000e+01
1.060968251228332520e+02,8.000000000000000000e+01,0.000000000000000000e+00,2.412099999999999866e+01,2.347700000000000031e+01,2.300000000000000000e+01,2.300000000000000000e+01
1.070978600978851318e+02,8.000000000000000000e+01,0.000000000000000000e+00,2.412099999999999866e+01,2.354100000000000037e+01,2.300000000000000000e+01,2.300000000000000000e+01
1.080988898277282715e+02,8.000000000000000000e+01,0.000000000000000000e+00,2.408899999999999864e+01,2.347700000000000031e+01,2.300000000000000000e+01,2.300000000000000000e+01
1.090999310016632080e+02,8.000000000000000000e+01,0.000000000000000000e+00,2.412099999999999866e+01,2.354100000000000037e+01,2.300000000000000000e+01,2.300000000000000000e+01
1.101002788543701172e+02,8.000000000000000000e+01,0.000000000000000000e+00,2.408899999999999864e+01,2.347700000000000031e+01,2.300000000000000000e+01,2.300000000000000000e+01
1.111013059616088867e+02,8.000000000000000000e+01,0.000000000000000000e+00,2.412099999999999866e+01,2.354100000000000037e+01,2.300000000000000000e+01,2.300000000000000000e+01
1.121023368835449219e+02,8.000000000000000000e+01,0.000000000000000000e+00,2.412099999999999866e+01,2.347700000000000031e+01,2.300000000000000000e+01,2.300000000000000000e+01
1.131033589839935303e+02,8.000000000000000000e+01,0.000000000000000000e+00,2.412099999999999866e+01,2.354100000000000037e+01,2.300000000000000000e+01,2.300000000000000000e+01
1.141040401458740234e+02,8.000000000000000000e+01,0.000000000000000000e+00,2.412099999999999866e+01,2.347700000000000031e+01,2.300000000000000000e+01,2.300000000000000000e+01
1.151045999526977539e+02,8.000000000000000000e+01,0.000000000000000000e+00,2.412099999999999866e+01,2.354100000000000037e+01,2.300000000000000000e+01,2.300000000000000000e+01
1.161056330204010010e+02,8.000000000000000000e+01,0.000000000000000000e+00,2.412099999999999866e+01,2.350900000000000034e+01,2.300000000000000000e+01,2.300000000000000000e+01
1.171066741943359375e+02,8.000000000000000000e+01,0.000000000000000000e+00,2.412099999999999866e+01,2.357300000000000040e+01,2.300000000000000000e+01,2.300000000000000000e+01
1.181074879169464111e+02,8.000000000000000000e+01,0.000000000000000000e+00,2.412099999999999866e+01,2.347700000000000031e+01,2.300000000000000000e+01,2.300000000000000000e+01
1.191085209846496582e+02,8.000000000000000000e+01,0.000000000000000000e+00,2.412099999999999866e+01,2.354100000000000037e+01,2.300000000000000000e+01,2.300000000000000000e+01
1.201095559597015381e+02,8.000000000000000000e+01,0.000000000000000000e+00,2.412099999999999866e+01,2.360500000000000043e+01,2.300000000000000000e+01,2.300000000000000000e+01
1.211096291542053223e+02,8.000000000000000000e+01,0.000000000000000000e+00,2.412099999999999866e+01,2.350900000000000034e+01,2.300000000000000000e+01,2.300000000000000000e+01
1.221106631755828857e+02,8.000000000000000000e+01,0.000000000000000000e+00,2.412099999999999866e+01,2.363800000000000168e+01,2.300000000000000000e+01,2.300000000000000000e+01
1.231116960048675537e+02,8.000000000000000000e+01,0.000000000000000000e+00,2.412099999999999866e+01,2.354100000000000037e+01,2.300000000000000000e+01,2.300000000000000000e+01
1.241127321720123291e+02,8.000000000000000000e+01,0.000000000000000000e+00,2.412099999999999866e+01,2.357300000000000040e+01,2.300000000000000000e+01,2.300000000000000000e+01
1.251137619018554688e+02,8.000000000000000000e+01,0.000000000000000000e+00,2.408899999999999864e+01,2.347700000000000031e+01,2.300000000000000000e+01,2.300000000000000000e+01
1.261147849559783936e+02,8.000000000000000000e+01,0.000000000000000000e+00,2.412099999999999866e+01,2.360500000000000043e+01,2.300000000000000000e+01,2.300000000000000000e+01
1.271158139705657959e+02,8.000000000000000000e+01,0.000000000000000000e+00,2.412099999999999866e+01,2.350900000000000034e+01,2.300000000000000000e+01,2.300000000000000000e+01
1.281168460845947266e+02,8.000000000000000000e+01,0.000000000000000000e+00,2.412099999999999866e+01,2.363800000000000168e+01,2.300000000000000000e+01,2.300000000000000000e+01
1.291177430152893066e+02,8.000000000000000000e+01,0.000000000000000000e+00,2.412099999999999866e+01,2.354100000000000037e+01,2.300000000000000000e+01,2.300000000000000000e+01
1.301184370517730713e+02,8.000000000000000000e+01,0.000000000000000000e+00,2.412099999999999866e+01,2.354100000000000037e+01,2.300000000000000000e+01,2.300000000000000000e+01
1.311192469596862793e+02,8.000000000000000000e+01,0.000000000000000000e+00,2.412099999999999866e+01,2.350900000000000034e+01,2.300000000000000000e+01,2.300000000000000000e+01
1.321202800273895264e+02,8.000000000000000000e+01,0.000000000000000000e+00,2.412099999999999866e+01,2.354100000000000037e+01,2.300000000000000000e+01,2.300000000000000000e+01
1.331213109493255615e+02,8.000000000000000000e+01,0.000000000000000000e+00,2.412099999999999866e+01,2.354100000000000037e+01,2.300000000000000000e+01,2.300000000000000000e+01
1.341223390102386475e+02,8.000000000000000000e+01,0.000000000000000000e+00,2.412099999999999866e+01,2.354100000000000037e+01,2.300000000000000000e+01,2.300000000000000000e+01
1.351233639717102051e+02,8.000000000000000000e+01,0.000000000000000000e+00,2.412099999999999866e+01,2.350900000000000034e+01,2.300000000000000000e+01,2.300000000000000000e+01
1.361243910789489746e+02,8.000000000000000000e+01,0.000000000000000000e+00,2.412099999999999866e+01,2.347700000000000031e+01,2.300000000000000000e+01,2.300000000000000000e+01
1.371250967979431152e+02,8.000000000000000000e+01,0.000000000000000000e+00,2.412099999999999866e+01,2.357300000000000040e+01,2.300000000000000000e+01,2.300000000000000000e+01
1.381261880397796631e+02,8.000000000000000000e+01,0.000000000000000000e+00,2.412099999999999866e+01,2.354100000000000037e+01,2.300000000000000000e+01,2.300000000000000000e+01
1.391272130012512207e+02,8.000000000000000000e+01,0.000000000000000000e+00,2.412099999999999866e+01,2.363800000000000168e+01,2.300000000000000000e+01,2.300000000000000000e+01
1.401282410621643066e+02,8.000000000000000000e+01,0.000000000000000000e+00,2.412099999999999866e+01,2.347700000000000031e+01,2.300000000000000000e+01,2.300000000000000000e+01
1.411292698383331299e+02,8.000000000000000000e+01,0.000000000000000000e+00,2.412099999999999866e+01,2.347700000000000031e+01,2.300000000000000000e+01,2.300000000000000000e+01
1.421302919387817383e+02,8.000000000000000000e+01,0.000000000000000000e+00,2.412099999999999866e+01,2.350900000000000034e+01,2.300000000000000000e+01,2.300000000000000000e+01
1.431304309368133545e+02,8.000000000000000000e+01,0.000000000000000000e+00,2.412099999999999866e+01,2.350900000000000034e+01,2.300000000000000000e+01,2.300000000000000000e+01
1.441314620971679688e+02,8.000000000000000000e+01,0.000000000000000000e+00,2.412099999999999866e+01,2.357300000000000040e+01,2.300000000000000000e+01,2.300000000000000000e+01
1.451324930191040039e+02,8.000000000000000000e+01,0.000000000000000000e+00,2.412099999999999866e+01,2.354100000000000037e+01,2.300000000000000000e+01,2.300000000000000000e+01
1.461335170269012451e+02,8.000000000000000000e+01,0.000000000000000000e+00,2.412099999999999866e+01,2.363800000000000168e+01,2.300000000000000000e+01,2.300000000000000000e+01
1.471345429420471191e+02,8.000000000000000000e+01,0.000000000000000000e+00,2.412099999999999866e+01,2.354100000000000037e+01,2.300000000000000000e+01,2.300000000000000000e+01
1.481355900764465332e+02,8.000000000000000000e+01,0.000000000000000000e+00,2.412099999999999866e+01,2.354100000000000037e+01,2.300000000000000000e+01,2.300000000000000000e+01
1.491366162300109863e+02,8.000000000000000000e+01,0.000000000000000000e+00,2.412099999999999866e+01,2.354100000000000037e+01,2.300000000000000000e+01,2.300000000000000000e+01
1.501376490592956543e+02,8.000000000000000000e+01,0.000000000000000000e+00,2.412099999999999866e+01,2.360500000000000043e+01,2.300000000000000000e+01,2.300000000000000000e+01
1.511386799812316895e+02,8.000000000000000000e+01,0.000000000000000000e+00,2.412099999999999866e+01,2.363800000000000168e+01,2.300000000000000000e+01,2.300000000000000000e+01
1.521397209167480469e+02,8.000000000000000000e+01,0.000000000000000000e+00,2.412099999999999866e+01,2.354100000000000037e+01,2.300000000000000000e+01,2.300000000000000000e+01
1.531407442092895508e+02,8.000000000000000000e+01,0.000000000000000000e+00,2.412099999999999866e+01,2.347700000000000031e+01,2.300000000000000000e+01,2.300000000000000000e+01
1.541417839527130127e+02,8.000000000000000000e+01,0.000000000000000000e+00,2.412099999999999866e+01,2.357300000000000040e+01,2.300000000000000000e+01,2.300000000000000000e+01
1.551428380012512207e+02,8.000000000000000000e+01,0.000000000000000000e+00,2.412099999999999866e+01,2.360500000000000043e+01,2.300000000000000000e+01,2.300000000000000000e+01
1.561438620090484619e+02,8.000000000000000000e+01,0.000000000000000000e+00,2.412099999999999866e+01,2.354100000000000037e+01,2.300000000000000000e+01,2.300000000000000000e+01
1.571449041366577148e+02,8.000000000000000000e+01,0.000000000000000000e+00,2.412099999999999866e+01,2.370200000000000173e+01,2.300000000000000000e+01,2.300000000000000000e+01
1.581459410190582275e+02,8.000000000000000000e+01,0.000000000000000000e+00,2.412099999999999866e+01,2.357300000000000040e+01,2.300000000000000000e+01,2.300000000000000000e+01
1.591469690799713135e+02,8.000000000000000000e+01,0.000000000000000000e+00,2.412099999999999866e+01,2.370200000000000173e+01,2.300000000000000000e+01,2.300000000000000000e+01
1.601480088233947754e+02,8.000000000000000000e+01,0.000000000000000000e+00,2.412099999999999866e+01,2.363800000000000168e+01,2.300000000000000000e+01,2.300000000000000000e+01
1.611490411758422852e+02,8.000000000000000000e+01,0.000000000000000000e+00,2.412099999999999866e+01,2.367000000000000171e+01,2.300000000000000000e+01,2.300000000000000000e+01
1.621500670909881592e+02,8.000000000000000000e+01,0.000000000000000000e+00,2.412099999999999866e+01,2.376699999999999946e+01,2.300000000000000000e+01,2.300000000000000000e+01
1.631510288715362549e+02,8.000000000000000000e+01,0.000000000000000000e+00,2.412099999999999866e+01,2.357300000000000040e+01,2.300000000000000000e+01,2.300000000000000000e+01
1.641520550251007080e+02,8.000000000000000000e+01,0.000000000000000000e+00,2.412099999999999866e+01,2.373400000000000176e+01,2.300000000000000000e+01,2.300000000000000000e+01
1.651530821323394775e+02,8.000000000000000000e+01,0.000000000000000000e+00,2.412099999999999866e+01,2.357300000000000040e+01,2.300000000000000000e+01,2.300000000000000000e+01
1.661534371376037598e+02,8.000000000000000000e+01,0.000000000000000000e+00,2.412099999999999866e+01,2.360500000000000043e+01,2.300000000000000000e+01,2.300000000000000000e+01
1.671544680595397949e+02,8.000000000000000000e+01,0.000000000000000000e+00,2.412099999999999866e+01,2.379899999999999949e+01,2.300000000000000000e+01,2.300000000000000000e+01
1.681546480655670166e+02,8.000000000000000000e+01,0.000000000000000000e+00,2.412099999999999866e+01,2.373400000000000176e+01,2.300000000000000000e+01,2.300000000000000000e+01
1.691556739807128906e+02,8.000000000000000000e+01,0.000000000000000000e+00,2.412099999999999866e+01,2.373400000000000176e+01,2.300000000000000000e+01,2.300000000000000000e+01
1.701567070484161377e+02,8.000000000000000000e+01,0.000000000000000000e+00,2.412099999999999866e+01,2.363800000000000168e+01,2.300000000000000000e+01,2.300000000000000000e+01
1.711570410728454590e+02,8.000000000000000000e+01,0.000000000000000000e+00,2.412099999999999866e+01,2.370200000000000173e+01,2.300000000000000000e+01,2.300000000000000000e+01
1.721580710411071777e+02,8.000000000000000000e+01,0.000000000000000000e+00,2.412099999999999866e+01,2.373400000000000176e+01,2.300000000000000000e+01,2.300000000000000000e+01
1.731591110229492188e+02,8.000000000000000000e+01,0.000000000000000000e+00,2.412099999999999866e+01,2.376699999999999946e+01,2.300000000000000000e+01,2.300000000000000000e+01
1.741601541042327881e+02,8.000000000000000000e+01,0.000000000000000000e+00,2.412099999999999866e+01,2.367000000000000171e+01,2.300000000000000000e+01,2.300000000000000000e+01
1.751611781120300293e+02,8.000000000000000000e+01,0.000000000000000000e+00,2.412099999999999866e+01,2.373400000000000176e+01,2.300000000000000000e+01,2.300000000000000000e+01
1.761622099876403809e+02,8.000000000000000000e+01,0.000000000000000000e+00,2.412099999999999866e+01,2.363800000000000168e+01,2.300000000000000000e+01,2.300000000000000000e+01
1.771623630523681641e+02,8.000000000000000000e+01,0.000000000000000000e+00,2.412099999999999866e+01,2.379899999999999949e+01,2.300000000000000000e+01,2.300000000000000000e+01
1.781633861064910889e+02,8.000000000000000000e+01,0.000000000000000000e+00,2.412099999999999866e+01,2.360500000000000043e+01,2.300000000000000000e+01,2.300000000000000000e+01
1.791640601158142090e+02,8.000000000000000000e+01,0.000000000000000000e+00,2.412099999999999866e+01,2.373400000000000176e+01,2.300000000000000000e+01,2.300000000000000000e+01
1.801650321483612061e+02,8.000000000000000000e+01,0.000000000000000000e+00,2.412099999999999866e+01,2.370200000000000173e+01,2.300000000000000000e+01,2.300000000000000000e+01
1.811660649776458740e+02,8.000000000000000000e+01,0.000000000000000000e+00,2.412099999999999866e+01,2.367000000000000171e+01,2.300000000000000000e+01,2.300000000000000000e+01
1.821671011447906494e+02,8.000000000000000000e+01,0.000000000000000000e+00,2.412099999999999866e+01,2.379899999999999949e+01,2.300000000000000000e+01,2.300000000000000000e+01
1.831681230068206787e+02,8.000000000000000000e+01,0.000000000000000000e+00,2.412099999999999866e+01,2.367000000000000171e+01,2.300000000000000000e+01,2.300000000000000000e+01
1.841683480739593506e+02,8.000000000000000000e+01,0.000000000000000000e+00,2.412099999999999866e+01,2.379899999999999949e+01,2.300000000000000000e+01,2.300000000000000000e+01
1.851693799495697021e+02,8.000000000000000000e+01,0.000000000000000000e+00,2.412099999999999866e+01,2.370200000000000173e+01,2.300000000000000000e+01,2.300000000000000000e+01
1.861704039573669434e+02,8.000000000000000000e+01,0.000000000000000000e+00,2.412099999999999866e+01,2.379899999999999949e+01,2.300000000000000000e+01,2.300000000000000000e+01
1.871706800460815430e+02,8.000000000000000000e+01,0.000000000000000000e+00,2.412099999999999866e+01,2.367000000000000171e+01,2.300000000000000000e+01,2.300000000000000000e+01
1.881717209815979004e+02,8.000000000000000000e+01,0.000000000000000000e+00,2.412099999999999866e+01,2.379899999999999949e+01,2.300000000000000000e+01,2.300000000000000000e+01
1.891727590560913086e+02,8.000000000000000000e+01,0.000000000000000000e+00,2.412099999999999866e+01,2.379899999999999949e+01,2.300000000000000000e+01,2.300000000000000000e+01
1.901737980842590332e+02,8.000000000000000000e+01,0.000000000000000000e+00,2.412099999999999866e+01,2.379899999999999949e+01,2.300000000000000000e+01,2.300000000000000000e+01
1.911746160984039307e+02,8.000000000000000000e+01,0.000000000000000000e+00,2.412099999999999866e+01,2.370200000000000173e+01,2.300000000000000000e+01,2.300000000000000000e+01
1.921756529808044434e+02,8.000000000000000000e+01,0.000000000000000000e+00,2.412099999999999866e+01,2.379899999999999949e+01,2.300000000000000000e+01,2.300000000000000000e+01
1.931766839027404785e+02,8.000000000000000000e+01,0.000000000000000000e+00,2.412099999999999866e+01,2.379899999999999949e+01,2.300000000000000000e+01,2.300000000000000000e+01
1.941773269176483154e+02,8.000000000000000000e+01,0.000000000000000000e+00,2.412099999999999866e+01,2.379899999999999949e+01,2.300000000000000000e+01,2.300000000000000000e+01
1.951783599853515625e+02,8.000000000000000000e+01,0.000000000000000000e+00,2.412099999999999866e+01,2.379899999999999949e+01,2.300000000000000000e+01,2.300000000000000000e+01
1.961792659759521484e+02,8.000000000000000000e+01,0.000000000000000000e+00,2.412099999999999866e+01,2.379899999999999949e+01,2.300000000000000000e+01,2.300000000000000000e+01
1.971802990436553955e+02,8.000000000000000000e+01,0.000000000000000000e+00,2.412099999999999866e+01,2.376699999999999946e+01,2.300000000000000000e+01,2.300000000000000000e+01
1.981813411712646484e+02,8.000000000000000000e+01,0.000000000000000000e+00,2.412099999999999866e+01,2.370200000000000173e+01,2.300000000000000000e+01,2.300000000000000000e+01
1.991814260482788086e+02,8.000000000000000000e+01,0.000000000000000000e+00,2.412099999999999866e+01,2.379899999999999949e+01,2.300000000000000000e+01,2.300000000000000000e+01
2.001824629306793213e+02,8.000000000000000000e+01,0.000000000000000000e+00,2.412099999999999866e+01,2.373400000000000176e+01,2.300000000000000000e+01,2.300000000000000000e+01
2.011834900379180908e+02,8.000000000000000000e+01,0.000000000000000000e+00,2.412099999999999866e+01,2.379899999999999949e+01,2.300000000000000000e+01,2.300000000000000000e+01
2.021845250129699707e+02,8.000000000000000000e+01,0.000000000000000000e+00,2.412099999999999866e+01,2.376699999999999946e+01,2.300000000000000000e+01,2.300000000000000000e+01
2.031855568885803223e+02,8.000000000000000000e+01,0.000000000000000000e+00,2.412099999999999866e+01,2.379899999999999949e+01,2.300000000000000000e+01,2.300000000000000000e+01
2.041863191127777100e+02,8.000000000000000000e+01,0.000000000000000000e+00,2.412099999999999866e+01,2.379899999999999949e+01,2.300000000000000000e+01,2.300000000000000000e+01
2.051873500347137451e+02,8.000000000000000000e+01,0.000000000000000000e+00,2.412099999999999866e+01,2.379899999999999949e+01,2.300000000000000000e+01,2.300000000000000000e+01
2.061883811950683594e+02,8.000000000000000000e+01,0.000000000000000000e+00,2.412099999999999866e+01,2.379899999999999949e+01,2.300000000000000000e+01,2.300000000000000000e+01
2.071894130706787109e+02,8.000000000000000000e+01,0.000000000000000000e+00,2.412099999999999866e+01,2.379899999999999949e+01,2.300000000000000000e+01,2.300000000000000000e+01
2.081904401779174805e+02,8.000000000000000000e+01,0.000000000000000000e+00,2.412099999999999866e+01,2.376699999999999946e+01,2.300000000000000000e+01,2.300000000000000000e+01
2.091914768218994141e+02,8.000000000000000000e+01,0.000000000000000000e+00,2.412099999999999866e+01,2.373400000000000176e+01,2.300000000000000000e+01,2.300000000000000000e+01
2.101916351318359375e+02,8.000000000000000000e+01,0.000000000000000000e+00,2.412099999999999866e+01,2.379899999999999949e+01,2.300000000000000000e+01,2.300000000000000000e+01
2.111926581859588623e+02,8.000000000000000000e+01,0.000000000000000000e+00,2.412099999999999866e+01,2.379899999999999949e+01,2.300000000000000000e+01,2.300000000000000000e+01
2.121936810016632080e+02,8.000000000000000000e+01,0.000000000000000000e+00,2.412099999999999866e+01,2.373400000000000176e+01,2.300000000000000000e+01,2.300000000000000000e+01
2.131947062015533447e+02,8.000000000000000000e+01,0.000000000000000000e+00,2.412099999999999866e+01,2.376699999999999946e+01,2.300000000000000000e+01,2.300000000000000000e+01
2.141953368186950684e+02,8.000000000000000000e+01,0.000000000000000000e+00,2.412099999999999866e+01,2.379899999999999949e+01,2.300000000000000000e+01,2.300000000000000000e+01
2.151963591575622559e+02,8.000000000000000000e+01,0.000000000000000000e+00,2.412099999999999866e+01,2.379899999999999949e+01,2.300000000000000000e+01,2.300000000000000000e+01
2.161973869800567627e+02,8.000000000000000000e+01,0.000000000000000000e+00,2.412099999999999866e+01,2.379899999999999949e+01,2.300000000000000000e+01,2.300000000000000000e+01
2.171984181404113770e+02,8.000000000000000000e+01,0.000000000000000000e+00,2.412099999999999866e+01,2.376699999999999946e+01,2.300000000000000000e+01,2.300000000000000000e+01
2.181994409561157227e+02,8.000000000000000000e+01,0.000000000000000000e+00,2.412099999999999866e+01,2.379899999999999949e+01,2.300000000000000000e+01,2.300000000000000000e+01
2.191997730731964111e+02,8.000000000000000000e+01,0.000000000000000000e+00,2.412099999999999866e+01,2.376699999999999946e+01,2.300000000000000000e+01,2.300000000000000000e+01
2.202007739543914795e+02,8.000000000000000000e+01,0.000000000000000000e+00,2.412099999999999866e+01,2.379899999999999949e+01,2.300000000000000000e+01,2.300000000000000000e+01
2.212018091678619385e+02,8.000000000000000000e+01,0.000000000000000000e+00,2.412099999999999866e+01,2.379899999999999949e+01,2.300000000000000000e+01,2.300000000000000000e+01
2.222028400897979736e+02,8.000000000000000000e+01,0.000000000000000000e+00,2.412099999999999866e+01,2.379899999999999949e+01,2.300000000000000000e+01,2.300000000000000000e+01
2.232038619518280029e+02,8.000000000000000000e+01,0.000000000000000000e+00,2.412099999999999866e+01,2.379899999999999949e+01,2.300000000000000000e+01,2.300000000000000000e+01
2.242049000263214111e+02,8.000000000000000000e+01,0.000000000000000000e+00,2.412099999999999866e+01,2.376699999999999946e+01,2.300000000000000000e+01,2.300000000000000000e+01
2.252059319019317627e+02,8.000000000000000000e+01,0.000000000000000000e+00,2.412099999999999866e+01,2.379899999999999949e+01,2.300000000000000000e+01,2.300000000000000000e+01
2.262065839767456055e+02,8.000000000000000000e+01,0.000000000000000000e+00,2.412099999999999866e+01,2.379899999999999949e+01,2.300000000000000000e+01,2.300000000000000000e+01
2.272076170444488525e+02,8.000000000000000000e+01,0.000000000000000000e+00,2.412099999999999866e+01,2.379899999999999949e+01,2.300000000000000000e+01,2.300000000000000000e+01
2.282086598873138428e+02,8.000000000000000000e+01,0.000000000000000000e+00,2.412099999999999866e+01,2.379899999999999949e+01,2.300000000000000000e+01,2.300000000000000000e+01
2.292096941471099854e+02,8.000000000000000000e+01,0.000000000000000000e+00,2.412099999999999866e+01,2.379899999999999949e+01,2.300000000000000000e+01,2.300000000000000000e+01
2.302107298374176025e+02,8.000000000000000000e+01,0.000000000000000000e+00,2.412099999999999866e+01,2.379899999999999949e+01,2.300000000000000000e+01,2.300000000000000000e+01
2.312117691040039062e+02,8.000000000000000000e+01,0.000000000000000000e+00,2.412099999999999866e+01,2.379899999999999949e+01,2.300000000000000000e+01,2.300000000000000000e+01
2.322125091552734375e+02,8.000000000000000000e+01,0.000000000000000000e+00,2.412099999999999866e+01,2.373400000000000176e+01,2.300000000000000000e+01,2.300000000000000000e+01
2.332135400772094727e+02,8.000000000000000000e+01,0.000000000000000000e+00,2.412099999999999866e+01,2.379899999999999949e+01,2.300000000000000000e+01,2.300000000000000000e+01
2.342136499881744385e+02,8.000000000000000000e+01,0.000000000000000000e+00,2.412099999999999866e+01,2.379899999999999949e+01,2.300000000000000000e+01,2.300000000000000000e+01
2.352139351367950439e+02,8.000000000000000000e+01,0.000000000000000000e+00,2.412099999999999866e+01,2.376699999999999946e+01,2.300000000000000000e+01,2.300000000000000000e+01
2.362149591445922852e+02,8.000000000000000000e+01,0.000000000000000000e+00,2.412099999999999866e+01,2.379899999999999949e+01,2.300000000000000000e+01,2.300000000000000000e+01
2.372159810066223145e+02,8.000000000000000000e+01,0.000000000000000000e+00,2.412099999999999866e+01,2.379899999999999949e+01,2.300000000000000000e+01,2.300000000000000000e+01
2.382170128822326660e+02,8.000000000000000000e+01,0.000000000000000000e+00,2.412099999999999866e+01,2.379899999999999949e+01,2.300000000000000000e+01,2.300000000000000000e+01
2.392180562019348145e+02,8.000000000000000000e+01,0.000000000000000000e+00,2.412099999999999866e+01,2.379899999999999949e+01,2.300000000000000000e+01,2.300000000000000000e+01
2.402190828323364258e+02,8.000000000000000000e+01,0.000000000000000000e+00,2.412099999999999866e+01,2.379899999999999949e+01,2.300000000000000000e+01,2.300000000000000000e+01
2.412201130390167236e+02,8.000000000000000000e+01,0.000000000000000000e+00,2.412099999999999866e+01,2.379899999999999949e+01,2.300000000000000000e+01,2.300000000000000000e+01
2.422211420536041260e+02,8.000000000000000000e+01,0.000000000000000000e+00,2.412099999999999866e+01,2.379899999999999949e+01,2.300000000000000000e+01,2.300000000000000000e+01
2.432221701145172119e+02,8.000000000000000000e+01,0.000000000000000000e+00,2.412099999999999866e+01,2.379899999999999949e+01,2.300000000000000000e+01,2.300000000000000000e+01
2.442227129936218262e+02,8.000000000000000000e+01,0.000000000000000000e+00,2.412099999999999866e+01,2.379899999999999949e+01,2.300000000000000000e+01,2.300000000000000000e+01
2.452237410545349121e+02,8.000000000000000000e+01,0.000000000000000000e+00,2.412099999999999866e+01,2.379899999999999949e+01,2.300000000000000000e+01,2.300000000000000000e+01
2.462247679233551025e+02,8.000000000000000000e+01,0.000000000000000000e+00,2.412099999999999866e+01,2.379899999999999949e+01,2.300000000000000000e+01,2.300000000000000000e+01
2.472257940769195557e+02,8.000000000000000000e+01,0.000000000000000000e+00,2.412099999999999866e+01,2.379899999999999949e+01,2.300000000000000000e+01,2.300000000000000000e+01
2.482268300056457520e+02,8.000000000000000000e+01,0.000000000000000000e+00,2.412099999999999866e+01,2.379899999999999949e+01,2.300000000000000000e+01,2.300000000000000000e+01
2.492278518676757812e+02,8.000000000000000000e+01,0.000000000000000000e+00,2.412099999999999866e+01,2.379899999999999949e+01,2.300000000000000000e+01,2.300000000000000000e+01
2.502278890609741211e+02,8.000000000000000000e+01,0.000000000000000000e+00,2.412099999999999866e+01,2.379899999999999949e+01,2.300000000000000000e+01,2.300000000000000000e+01
2.512289221286773682e+02,8.000000000000000000e+01,0.000000000000000000e+00,2.412099999999999866e+01,2.379899999999999949e+01,2.300000000000000000e+01,2.300000000000000000e+01
2.522297041416168213e+02,8.000000000000000000e+01,0.000000000000000000e+00,2.412099999999999866e+01,2.379899999999999949e+01,2.300000000000000000e+01,2.300000000000000000e+01
2.532301721572875977e+02,8.000000000000000000e+01,0.000000000000000000e+00,2.412099999999999866e+01,2.379899999999999949e+01,2.300000000000000000e+01,2.300000000000000000e+01
2.542312030792236328e+02,8.000000000000000000e+01,0.000000000000000000e+00,2.412099999999999866e+01,2.379899999999999949e+01,2.300000000000000000e+01,2.300000000000000000e+01
2.552322227954864502e+02,8.000000000000000000e+01,0.000000000000000000e+00,2.412099999999999866e+01,2.379899999999999949e+01,2.300000000000000000e+01,2.300000000000000000e+01
2.562325868606567383e+02,8.000000000000000000e+01,0.000000000000000000e+00,2.412099999999999866e+01,2.379899999999999949e+01,2.300000000000000000e+01,2.300000000000000000e+01
2.572336192131042480e+02,8.000000000000000000e+01,0.000000000000000000e+00,2.412099999999999866e+01,2.379899999999999949e+01,2.300000000000000000e+01,2.300000000000000000e+01
2.582346448898315430e+02,8.000000000000000000e+01,0.000000000000000000e+00,2.412099999999999866e+01,2.379899999999999949e+01,2.300000000000000000e+01,2.300000000000000000e+01
2.592356770038604736e+02,8.000000000000000000e+01,0.000000000000000000e+00,2.412099999999999866e+01,2.379899999999999949e+01,2.300000000000000000e+01,2.300000000000000000e+01
2.602367029190063477e+02,8.000000000000000000e+01,0.000000000000000000e+00,2.412099999999999866e+01,2.379899999999999949e+01,2.300000000000000000e+01,2.300000000000000000e+01
2.612377369403839111e+02,8.000000000000000000e+01,0.000000000000000000e+00,2.412099999999999866e+01,2.379899999999999949e+01,2.300000000000000000e+01,2.300000000000000000e+01
2.622387590408325195e+02,8.000000000000000000e+01,0.000000000000000000e+00,2.412099999999999866e+01,2.379899999999999949e+01,2.300000000000000000e+01,2.300000000000000000e+01
2.632397978305816650e+02,8.000000000000000000e+01,0.000000000000000000e+00,2.412099999999999866e+01,2.379899999999999949e+01,2.300000000000000000e+01,2.300000000000000000e+01
2.642404389381408691e+02,8.000000000000000000e+01,0.000000000000000000e+00,2.412099999999999866e+01,2.379899999999999949e+01,2.300000000000000000e+01,2.300000000000000000e+01
2.652414660453796387e+02,8.000000000000000000e+01,0.000000000000000000e+00,2.412099999999999866e+01,2.379899999999999949e+01,2.300000000000000000e+01,2.300000000000000000e+01
2.662424979209899902e+02,8.000000000000000000e+01,0.000000000000000000e+00,2.412099999999999866e+01,2.379899999999999949e+01,2.300000000000000000e+01,2.300000000000000000e+01
2.672430958747863770e+02,8.000000000000000000e+01,0.000000000000000000e+00,2.412099999999999866e+01,2.376699999999999946e+01,2.300000000000000000e+01,2.300000000000000000e+01
2.682438650131225586e+02,8.000000000000000000e+01,0.000000000000000000e+00,2.412099999999999866e+01,2.379899999999999949e+01,2.300000000000000000e+01,2.300000000000000000e+01
2.692449021339416504e+02,8.000000000000000000e+01,0.000000000000000000e+00,2.412099999999999866e+01,2.379899999999999949e+01,2.300000000000000000e+01,2.300000000000000000e+01
2.702459287643432617e+02,8.000000000000000000e+01,0.000000000000000000e+00,2.412099999999999866e+01,2.379899999999999949e+01,2.300000000000000000e+01,2.300000000000000000e+01
2.712469768524169922e+02,8.000000000000000000e+01,0.000000000000000000e+00,2.412099999999999866e+01,2.379899999999999949e+01,2.300000000000000000e+01,2.300000000000000000e+01
2.722478780746459961e+02,8.000000000000000000e+01,0.000000000000000000e+00,2.412099999999999866e+01,2.379899999999999949e+01,2.300000000000000000e+01,2.300000000000000000e+01
2.732484509944915771e+02,8.000000000000000000e+01,0.000000000000000000e+00,2.412099999999999866e+01,2.379899999999999949e+01,2.300000000000000000e+01,2.300000000000000000e+01
2.742494919300079346e+02,8.000000000000000000e+01,0.000000000000000000e+00,2.412099999999999866e+01,2.379899999999999949e+01,2.300000000000000000e+01,2.300000000000000000e+01
2.752505121231079102e+02,8.000000000000000000e+01,0.000000000000000000e+00,2.412099999999999866e+01,2.379899999999999949e+01,2.300000000000000000e+01,2.300000000000000000e+01
2.762515480518341064e+02,8.000000000000000000e+01,0.000000000000000000e+00,2.412099999999999866e+01,2.379899999999999949e+01,2.300000000000000000e+01,2.300000000000000000e+01
2.772525758743286133e+02,8.000000000000000000e+01,0.000000000000000000e+00,2.412099999999999866e+01,2.379899999999999949e+01,2.300000000000000000e+01,2.300000000000000000e+01
2.782535970211029053e+02,8.000000000000000000e+01,0.000000000000000000e+00,2.412099999999999866e+01,2.379899999999999949e+01,2.300000000000000000e+01,2.300000000000000000e+01
2.792546279430389404e+02,8.000000000000000000e+01,0.000000000000000000e+00,2.412099999999999866e+01,2.379899999999999949e+01,2.300000000000000000e+01,2.300000000000000000e+01
2.802556519508361816e+02,8.000000000000000000e+01,0.000000000000000000e+00,2.412099999999999866e+01,2.379899999999999949e+01,2.300000000000000000e+01,2.300000000000000000e+01
2.812566790580749512e+02,8.000000000000000000e+01,0.000000000000000000e+00,2.412099999999999866e+01,2.379899999999999949e+01,2.300000000000000000e+01,2.300000000000000000e+01
2.822577040195465088e+02,8.000000000000000000e+01,0.000000000000000000e+00,2.412099999999999866e+01,2.379899999999999949e+01,2.300000000000000000e+01,2.300000000000000000e+01
2.832587318420410156e+02,8.000000000000000000e+01,0.000000000000000000e+00,2.412099999999999866e+01,2.379899999999999949e+01,2.300000000000000000e+01,2.300000000000000000e+01
2.842597579956054688e+02,8.000000000000000000e+01,0.000000000000000000e+00,2.412099999999999866e+01,2.379899999999999949e+01,2.300000000000000000e+01,2.300000000000000000e+01
2.852607860565185547e+02,8.000000000000000000e+01,0.000000000000000000e+00,2.412099999999999866e+01,2.379899999999999949e+01,2.300000000000000000e+01,2.300000000000000000e+01
2.862618081569671631e+02,8.000000000000000000e+01,0.000000000000000000e+00,2.412099999999999866e+01,2.379899999999999949e+01,2.300000000000000000e+01,2.300000000000000000e+01
2.872628350257873535e+02,8.000000000000000000e+01,0.000000000000000000e+00,2.412099999999999866e+01,2.379899999999999949e+01,2.300000000000000000e+01,2.300000000000000000e+01
2.882632229328155518e+02,8.000000000000000000e+01,0.000000000000000000e+00,2.412099999999999866e+01,2.379899999999999949e+01,2.300000000000000000e+01,2.300000000000000000e+01
2.892642560005187988e+02,8.000000000000000000e+01,0.000000000000000000e+00,2.412099999999999866e+01,2.379899999999999949e+01,2.300000000000000000e+01,2.300000000000000000e+01
2.902652859687805176e+02,8.000000000000000000e+01,0.000000000000000000e+00,2.412099999999999866e+01,2.379899999999999949e+01,2.300000000000000000e+01,2.300000000000000000e+01
2.912657928466796875e+02,8.000000000000000000e+01,0.000000000000000000e+00,2.412099999999999866e+01,2.379899999999999949e+01,2.300000000000000000e+01,2.300000000000000000e+01
2.922668290138244629e+02,8.000000000000000000e+01,0.000000000000000000e+00,2.412099999999999866e+01,2.379899999999999949e+01,2.300000000000000000e+01,2.300000000000000000e+01
2.932678120136260986e+02,8.000000000000000000e+01,0.000000000000000000e+00,2.412099999999999866e+01,2.379899999999999949e+01,2.300000000000000000e+01,2.300000000000000000e+01
2.942688438892364502e+02,8.000000000000000000e+01,0.000000000000000000e+00,2.412099999999999866e+01,2.379899999999999949e+01,2.300000000000000000e+01,2.300000000000000000e+01
2.952698180675506592e+02,8.000000000000000000e+01,0.000000000000000000e+00,2.412099999999999866e+01,2.379899999999999949e+01,2.300000000000000000e+01,2.300000000000000000e+01
2.962702629566192627e+02,8.000000000000000000e+01,0.000000000000000000e+00,2.412099999999999866e+01,2.379899999999999949e+01,2.300000000000000000e+01,2.300000000000000000e+01
2.972712831497192383e+02,8.000000000000000000e+01,0.000000000000000000e+00,2.412099999999999866e+01,2.379899999999999949e+01,2.300000000000000000e+01,2.300000000000000000e+01
2.982713201045989990e+02,8.000000000000000000e+01,0.000000000000000000e+00,2.412099999999999866e+01,2.379899999999999949e+01,2.300000000000000000e+01,2.300000000000000000e+01
2.992716369628906250e+02,8.000000000000000000e+01,0.000000000000000000e+00,2.412099999999999866e+01,2.379899999999999949e+01,2.300000000000000000e+01,2.300000000000000000e+01
3.002726681232452393e+02,8.000000000000000000e+01,0.000000000000000000e+00,2.412099999999999866e+01,2.379899999999999949e+01,2.300000000000000000e+01,2.300000000000000000e+01
3.012736911773681641e+02,8.000000000000000000e+01,0.000000000000000000e+00,2.412099999999999866e+01,2.379899999999999949e+01,2.300000000000000000e+01,2.300000000000000000e+01
3.022747287750244141e+02,8.000000000000000000e+01,0.000000000000000000e+00,2.412099999999999866e+01,2.379899999999999949e+01,2.300000000000000000e+01,2.300000000000000000e+01
3.032752668857574463e+02,8.000000000000000000e+01,0.000000000000000000e+00,2.412099999999999866e+01,2.379899999999999949e+01,2.300000000000000000e+01,2.300000000000000000e+01
3.042755839824676514e+02,8.000000000000000000e+01,0.000000000000000000e+00,2.412099999999999866e+01,2.379899999999999949e+01,2.300000000000000000e+01,2.300000000000000000e+01
3.052764730453491211e+02,8.000000000000000000e+01,0.000000000000000000e+00,2.412099999999999866e+01,2.379899999999999949e+01,2.300000000000000000e+01,2.300000000000000000e+01
3.062775039672851562e+02,8.000000000000000000e+01,0.000000000000000000e+00,2.412099999999999866e+01,2.379899999999999949e+01,2.300000000000000000e+01,2.300000000000000000e+01
3.072785298824310303e+02,8.000000000000000000e+01,0.000000000000000000e+00,2.412099999999999866e+01,2.379899999999999949e+01,2.300000000000000000e+01,2.300000000000000000e+01
3.082795560359954834e+02,8.000000000000000000e+01,0.000000000000000000e+00,2.412099999999999866e+01,2.379899999999999949e+01,2.300000000000000000e+01,2.300000000000000000e+01
3.092805869579315186e+02,8.000000000000000000e+01,0.000000000000000000e+00,2.412099999999999866e+01,2.379899999999999949e+01,2.300000000000000000e+01,2.300000000000000000e+01
3.102816088199615479e+02,8.000000000000000000e+01,0.000000000000000000e+00,2.412099999999999866e+01,2.379899999999999949e+01,2.300000000000000000e+01,2.300000000000000000e+01
3.112826421260833740e+02,8.000000000000000000e+01,0.000000000000000000e+00,2.412099999999999866e+01,2.379899999999999949e+01,2.300000000000000000e+01,2.300000000000000000e+01
3.122836799621582031e+02,8.000000000000000000e+01,0.000000000000000000e+00,2.412099999999999866e+01,2.379899999999999949e+01,2.300000000000000000e+01,2.300000000000000000e+01
3.132847089767456055e+02,8.000000000000000000e+01,0.000000000000000000e+00,2.412099999999999866e+01,2.379899999999999949e+01,2.300000000000000000e+01,2.300000000000000000e+01
3.142857389450073242e+02,8.000000000000000000e+01,0.000000000000000000e+00,2.412099999999999866e+01,2.379899999999999949e+01,2.300000000000000000e+01,2.300000000000000000e+01
3.152867710590362549e+02,8.000000000000000000e+01,0.000000000000000000e+00,2.412099999999999866e+01,2.379899999999999949e+01,2.300000000000000000e+01,2.300000000000000000e+01
3.162878229618072510e+02,8.000000000000000000e+01,0.000000000000000000e+00,2.412099999999999866e+01,2.379899999999999949e+01,2.300000000000000000e+01,2.300000000000000000e+01
3.172888510227203369e+02,8.000000000000000000e+01,0.000000000000000000e+00,2.412099999999999866e+01,2.379899999999999949e+01,2.300000000000000000e+01,2.300000000000000000e+01
3.182898809909820557e+02,8.000000000000000000e+01,0.000000000000000000e+00,2.412099999999999866e+01,2.379899999999999949e+01,2.300000000000000000e+01,2.300000000000000000e+01
3.192909071445465088e+02,8.000000000000000000e+01,0.000000000000000000e+00,2.412099999999999866e+01,2.379899999999999949e+01,2.300000000000000000e+01,2.300000000000000000e+01
3.202919340133666992e+02,8.000000000000000000e+01,0.000000000000000000e+00,2.412099999999999866e+01,2.379899999999999949e+01,2.300000000000000000e+01,2.300000000000000000e+01
3.212925941944122314e+02,8.000000000000000000e+01,0.000000000000000000e+00,2.412099999999999866e+01,2.379899999999999949e+01,2.300000000000000000e+01,2.300000000000000000e+01
3.222936339378356934e+02,8.000000000000000000e+01,0.000000000000000000e+00,2.412099999999999866e+01,2.379899999999999949e+01,2.300000000000000000e+01,2.300000000000000000e+01
3.232946600914001465e+02,8.000000000000000000e+01,0.000000000000000000e+00,2.412099999999999866e+01,2.379899999999999949e+01,2.300000000000000000e+01,2.300000000000000000e+01
3.242956840991973877e+02,8.000000000000000000e+01,0.000000000000000000e+00,2.412099999999999866e+01,2.379899999999999949e+01,2.300000000000000000e+01,2.300000000000000000e+01
3.252967090606689453e+02,8.000000000000000000e+01,0.000000000000000000e+00,2.412099999999999866e+01,2.379899999999999949e+01,2.300000000000000000e+01,2.300000000000000000e+01
3.262977330684661865e+02,8.000000000000000000e+01,0.000000000000000000e+00,2.412099999999999866e+01,2.379899999999999949e+01,2.300000000000000000e+01,2.300000000000000000e+01
3.272987680435180664e+02,8.000000000000000000e+01,0.000000000000000000e+00,2.412099999999999866e+01,2.379899999999999949e+01,2.300000000000000000e+01,2.300000000000000000e+01
3.282998061180114746e+02,8.000000000000000000e+01,0.000000000000000000e+00,2.412099999999999866e+01,2.379899999999999949e+01,2.300000000000000000e+01,2.300000000000000000e+01
3.293008580207824707e+02,8.000000000000000000e+01,0.000000000000000000e+00,2.412099999999999866e+01,2.379899999999999949e+01,2.300000000000000000e+01,2.300000000000000000e+01
3.303016932010650635e+02,8.000000000000000000e+01,0.000000000000000000e+00,2.412099999999999866e+01,2.379899999999999949e+01,2.300000000000000000e+01,2.300000000000000000e+01
3.313027310371398926e+02,8.000000000000000000e+01,0.000000000000000000e+00,2.412099999999999866e+01,2.379899999999999949e+01,2.300000000000000000e+01,2.300000000000000000e+01
3.323033020496368408e+02,8.000000000000000000e+01,0.000000000000000000e+00,2.412099999999999866e+01,2.379899999999999949e+01,2.300000000000000000e+01,2.300000000000000000e+01
3.333043320178985596e+02,8.000000000000000000e+01,0.000000000000000000e+00,2.412099999999999866e+01,2.379899999999999949e+01,2.300000000000000000e+01,2.300000000000000000e+01
3.343053710460662842e+02,8.000000000000000000e+01,0.000000000000000000e+00,2.412099999999999866e+01,2.379899999999999949e+01,2.300000000000000000e+01,2.300000000000000000e+01
3.353060560226440430e+02,8.000000000000000000e+01,0.000000000000000000e+00,2.412099999999999866e+01,2.379899999999999949e+01,2.300000000000000000e+01,2.300000000000000000e+01
3.363070869445800781e+02,8.000000000000000000e+01,0.000000000000000000e+00,2.412099999999999866e+01,2.379899999999999949e+01,2.300000000000000000e+01,2.300000000000000000e+01
3.373081269264221191e+02,8.000000000000000000e+01,0.000000000000000000e+00,2.412099999999999866e+01,2.379899999999999949e+01,2.300000000000000000e+01,2.300000000000000000e+01
3.383091640472412109e+02,8.000000000000000000e+01,0.000000000000000000e+00,2.412099999999999866e+01,2.379899999999999949e+01,2.300000000000000000e+01,2.300000000000000000e+01
3.393101999759674072e+02,8.000000000000000000e+01,0.000000000000000000e+00,2.412099999999999866e+01,2.379899999999999949e+01,2.300000000000000000e+01,2.300000000000000000e+01
3.403112239837646484e+02,8.000000000000000000e+01,0.000000000000000000e+00,2.412099999999999866e+01,2.379899999999999949e+01,2.300000000000000000e+01,2.300000000000000000e+01
3.413122940063476562e+02,8.000000000000000000e+01,0.000000000000000000e+00,2.412099999999999866e+01,2.379899999999999949e+01,2.300000000000000000e+01,2.300000000000000000e+01
3.423133201599121094e+02,8.000000000000000000e+01,0.000000000000000000e+00,2.412099999999999866e+01,2.379899999999999949e+01,2.300000000000000000e+01,2.300000000000000000e+01
3.433140280246734619e+02,8.000000000000000000e+01,0.000000000000000000e+00,2.412099999999999866e+01,2.379899999999999949e+01,2.300000000000000000e+01,2.300000000000000000e+01
3.443150699138641357e+02,8.000000000000000000e+01,0.000000000000000000e+00,2.412099999999999866e+01,2.379899999999999949e+01,2.300000000000000000e+01,2.300000000000000000e+01
3.453161020278930664e+02,8.000000000000000000e+01,0.000000000000000000e+00,2.412099999999999866e+01,2.379899999999999949e+01,2.300000000000000000e+01,2.300000000000000000e+01
3.463171408176422119e+02,8.000000000000000000e+01,0.000000000000000000e+00,2.412099999999999866e+01,2.379899999999999949e+01,2.300000000000000000e+01,2.300000000000000000e+01
3.473181700706481934e+02,8.000000000000000000e+01,0.000000000000000000e+00,2.412099999999999866e+01,2.379899999999999949e+01,2.300000000000000000e+01,2.300000000000000000e+01
3.483191959857940674e+02,8.000000000000000000e+01,0.000000000000000000e+00,2.412099999999999866e+01,2.379899999999999949e+01,2.300000000000000000e+01,2.300000000000000000e+01
3.493202238082885742e+02,8.000000000000000000e+01,0.000000000000000000e+00,2.412099999999999866e+01,2.379899999999999949e+01,2.300000000000000000e+01,2.300000000000000000e+01
3.503212590217590332e+02,8.000000000000000000e+01,0.000000000000000000e+00,2.412099999999999866e+01,2.379899999999999949e+01,2.300000000000000000e+01,2.300000000000000000e+01
3.513222911357879639e+02,8.000000000000000000e+01,0.000000000000000000e+00,2.412099999999999866e+01,2.379899999999999949e+01,2.300000000000000000e+01,2.300000000000000000e+01
3.523233180046081543e+02,8.000000000000000000e+01,0.000000000000000000e+00,2.412099999999999866e+01,2.379899999999999949e+01,2.300000000000000000e+01,2.300000000000000000e+01
3.533243470191955566e+02,8.000000000000000000e+01,0.000000000000000000e+00,2.412099999999999866e+01,2.379899999999999949e+01,2.300000000000000000e+01,2.300000000000000000e+01
3.543253769874572754e+02,8.000000000000000000e+01,0.000000000000000000e+00,2.412099999999999866e+01,2.379899999999999949e+01,2.300000000000000000e+01,2.300000000000000000e+01
3.553265488147735596e+02,8.000000000000000000e+01,0.000000000000000000e+00,2.412099999999999866e+01,2.379899999999999949e+01,2.300000000000000000e+01,2.300000000000000000e+01
3.563275828361511230e+02,8.000000000000000000e+01,0.000000000000000000e+00,2.412099999999999866e+01,2.379899999999999949e+01,2.300000000000000000e+01,2.300000000000000000e+01
3.573286099433898926e+02,8.000000000000000000e+01,0.000000000000000000e+00,2.415299999999999869e+01,2.379899999999999949e+01,2.300000000000000000e+01,2.300000000000000000e+01
3.583296329975128174e+02,8.000000000000000000e+01,0.000000000000000000e+00,2.412099999999999866e+01,2.379899999999999949e+01,2.300000000000000000e+01,2.300000000000000000e+01
3.593306658267974854e+02,8.000000000000000000e+01,0.000000000000000000e+00,2.412099999999999866e+01,2.379899999999999949e+01,2.300000000000000000e+01,2.300000000000000000e+01
3.603316898345947266e+02,8.000000000000000000e+01,0.000000000000000000e+00,2.412099999999999866e+01,2.379899999999999949e+01,2.300000000000000000e+01,2.300000000000000000e+01
3.613327109813690186e+02,8.000000000000000000e+01,0.000000000000000000e+00,2.412099999999999866e+01,2.379899999999999949e+01,2.300000000000000000e+01,2.300000000000000000e+01
3.623337488174438477e+02,8.000000000000000000e+01,0.000000000000000000e+00,2.412099999999999866e+01,2.379899999999999949e+01,2.300000000000000000e+01,2.300000000000000000e+01
3.633341898918151855e+02,8.000000000000000000e+01,0.000000000000000000e+00,2.412099999999999866e+01,2.379899999999999949e+01,2.300000000000000000e+01,2.300000000000000000e+01
3.643352208137512207e+02,8.000000000000000000e+01,0.000000000000000000e+00,2.415299999999999869e+01,2.379899999999999949e+01,2.300000000000000000e+01,2.300000000000000000e+01
3.653362510204315186e+02,8.000000000000000000e+01,0.000000000000000000e+00,2.412099999999999866e+01,2.379899999999999949e+01,2.300000000000000000e+01,2.300000000000000000e+01
3.663372850418090820e+02,8.000000000000000000e+01,0.000000000000000000e+00,2.412099999999999866e+01,2.379899999999999949e+01,2.300000000000000000e+01,2.300000000000000000e+01
3.673376290798187256e+02,8.000000000000000000e+01,0.000000000000000000e+00,2.412099999999999866e+01,2.379899999999999949e+01,2.300000000000000000e+01,2.300000000000000000e+01
3.683386590480804443e+02,8.000000000000000000e+01,0.000000000000000000e+00,2.412099999999999866e+01,2.379899999999999949e+01,2.300000000000000000e+01,2.300000000000000000e+01
3.693396971225738525e+02,8.000000000000000000e+01,0.000000000000000000e+00,2.412099999999999866e+01,2.379899999999999949e+01,2.300000000000000000e+01,2.300000000000000000e+01
3.703407280445098877e+02,8.000000000000000000e+01,0.000000000000000000e+00,2.412099999999999866e+01,2.379899999999999949e+01,2.300000000000000000e+01,2.300000000000000000e+01
3.713417830467224121e+02,8.000000000000000000e+01,0.000000000000000000e+00,2.415299999999999869e+01,2.379899999999999949e+01,2.300000000000000000e+01,2.300000000000000000e+01
3.723428142070770264e+02,8.000000000000000000e+01,0.000000000000000000e+00,2.412099999999999866e+01,2.379899999999999949e+01,2.300000000000000000e+01,2.300000000000000000e+01
3.733439409732818604e+02,8.000000000000000000e+01,0.000000000000000000e+00,2.412099999999999866e+01,2.379899999999999949e+01,2.300000000000000000e+01,2.300000000000000000e+01
3.743441751003265381e+02,8.000000000000000000e+01,0.000000000000000000e+00,2.412099999999999866e+01,2.379899999999999949e+01,2.300000000000000000e+01,2.300000000000000000e+01
3.753452069759368896e+02,8.000000000000000000e+01,0.000000000000000000e+00,2.412099999999999866e+01,2.379899999999999949e+01,2.300000000000000000e+01,2.300000000000000000e+01
3.763462388515472412e+02,8.000000000000000000e+01,0.000000000000000000e+00,2.412099999999999866e+01,2.379899999999999949e+01,2.300000000000000000e+01,2.300000000000000000e+01
3.773472781181335449e+02,8.000000000000000000e+01,0.000000000000000000e+00,2.412099999999999866e+01,2.379899999999999949e+01,2.300000000000000000e+01,2.300000000000000000e+01
3.783483049869537354e+02,8.000000000000000000e+01,0.000000000000000000e+00,2.412099999999999866e+01,2.379899999999999949e+01,2.300000000000000000e+01,2.300000000000000000e+01
3.793493349552154541e+02,8.000000000000000000e+01,0.000000000000000000e+00,2.412099999999999866e+01,2.379899999999999949e+01,2.300000000000000000e+01,2.300000000000000000e+01
3.803503651618957520e+02,8.000000000000000000e+01,0.000000000000000000e+00,2.412099999999999866e+01,2.379899999999999949e+01,2.300000000000000000e+01,2.300000000000000000e+01
3.813513960838317871e+02,8.000000000000000000e+01,0.000000000000000000e+00,2.412099999999999866e+01,2.379899999999999949e+01,2.300000000000000000e+01,2.300000000000000000e+01
3.823524310588836670e+02,8.000000000000000000e+01,0.000000000000000000e+00,2.412099999999999866e+01,2.379899999999999949e+01,2.300000000000000000e+01,2.300000000000000000e+01
3.833534619808197021e+02,8.000000000000000000e+01,0.000000000000000000e+00,2.412099999999999866e+01,2.379899999999999949e+01,2.300000000000000000e+01,2.300000000000000000e+01
3.843544931411743164e+02,8.000000000000000000e+01,0.000000000000000000e+00,2.412099999999999866e+01,2.379899999999999949e+01,2.300000000000000000e+01,2.300000000000000000e+01
3.853555240631103516e+02,8.000000000000000000e+01,0.000000000000000000e+00,2.412099999999999866e+01,2.379899999999999949e+01,2.300000000000000000e+01,2.300000000000000000e+01
3.863565669059753418e+02,8.000000000000000000e+01,0.000000000000000000e+00,2.412099999999999866e+01,2.379899999999999949e+01,2.300000000000000000e+01,2.300000000000000000e+01
3.873568511009216309e+02,8.000000000000000000e+01,0.000000000000000000e+00,2.412099999999999866e+01,2.379899999999999949e+01,2.300000000000000000e+01,2.300000000000000000e+01
3.883578741550445557e+02,8.000000000000000000e+01,0.000000000000000000e+00,2.412099999999999866e+01,2.379899999999999949e+01,2.300000000000000000e+01,2.300000000000000000e+01
3.893589119911193848e+02,8.000000000000000000e+01,0.000000000000000000e+00,2.412099999999999866e+01,2.379899999999999949e+01,2.300000000000000000e+01,2.300000000000000000e+01
3.903599390983581543e+02,8.000000000000000000e+01,0.000000000000000000e+00,2.412099999999999866e+01,2.379899999999999949e+01,2.300000000000000000e+01,2.300000000000000000e+01
3.913609728813171387e+02,8.000000000000000000e+01,0.000000000000000000e+00,2.412099999999999866e+01,2.379899999999999949e+01,2.300000000000000000e+01,2.300000000000000000e+01
3.923619999885559082e+02,8.000000000000000000e+01,0.000000000000000000e+00,2.412099999999999866e+01,2.379899999999999949e+01,2.300000000000000000e+01,2.300000000000000000e+01
3.933630239963531494e+02,8.000000000000000000e+01,0.000000000000000000e+00,2.412099999999999866e+01,2.379899999999999949e+01,2.300000000000000000e+01,2.300000000000000000e+01
3.943640558719635010e+02,8.000000000000000000e+01,0.000000000000000000e+00,2.412099999999999866e+01,2.379899999999999949e+01,2.300000000000000000e+01,2.300000000000000000e+01
3.953651030063629150e+02,8.000000000000000000e+01,0.000000000000000000e+00,2.412099999999999866e+01,2.379899999999999949e+01,2.300000000000000000e+01,2.300000000000000000e+01
3.963661329746246338e+02,8.000000000000000000e+01,0.000000000000000000e+00,2.412099999999999866e+01,2.379899999999999949e+01,2.300000000000000000e+01,2.300000000000000000e+01
3.973668839931488037e+02,8.000000000000000000e+01,0.000000000000000000e+00,2.412099999999999866e+01,2.379899999999999949e+01,2.300000000000000000e+01,2.300000000000000000e+01
3.983679170608520508e+02,8.000000000000000000e+01,0.000000000000000000e+00,2.412099999999999866e+01,2.379899999999999949e+01,2.300000000000000000e+01,2.300000000000000000e+01
3.993689529895782471e+02,8.000000000000000000e+01,0.000000000000000000e+00,2.412099999999999866e+01,2.379899999999999949e+01,2.300000000000000000e+01,2.300000000000000000e+01
4.003699879646301270e+02,8.000000000000000000e+01,0.000000000000000000e+00,2.412099999999999866e+01,2.379899999999999949e+01,2.300000000000000000e+01,2.300000000000000000e+01
4.013710141181945801e+02,8.000000000000000000e+01,0.000000000000000000e+00,2.412099999999999866e+01,2.379899999999999949e+01,2.300000000000000000e+01,2.300000000000000000e+01
4.023720512390136719e+02,8.000000000000000000e+01,0.000000000000000000e+00,2.412099999999999866e+01,2.379899999999999949e+01,2.300000000000000000e+01,2.300000000000000000e+01
4.033730850219726562e+02,8.000000000000000000e+01,0.000000000000000000e+00,2.412099999999999866e+01,2.379899999999999949e+01,2.300000000000000000e+01,2.300000000000000000e+01
4.043741080760955811e+02,8.000000000000000000e+01,0.000000000000000000e+00,2.412099999999999866e+01,2.379899999999999949e+01,2.300000000000000000e+01,2.300000000000000000e+01
4.053751459121704102e+02,8.000000000000000000e+01,0.000000000000000000e+00,2.412099999999999866e+01,2.379899999999999949e+01,2.300000000000000000e+01,2.300000000000000000e+01
4.063761780261993408e+02,8.000000000000000000e+01,0.000000000000000000e+00,2.412099999999999866e+01,2.379899999999999949e+01,2.300000000000000000e+01,2.300000000000000000e+01
4.073772070407867432e+02,8.000000000000000000e+01,0.000000000000000000e+00,2.412099999999999866e+01,2.379899999999999949e+01,2.300000000000000000e+01,2.300000000000000000e+01
4.083782260417938232e+02,8.000000000000000000e+01,0.000000000000000000e+00,2.412099999999999866e+01,2.379899999999999949e+01,2.300000000000000000e+01,2.300000000000000000e+01
4.093792490959167480e+02,8.000000000000000000e+01,0.000000000000000000e+00,2.412099999999999866e+01,2.379899999999999949e+01,2.300000000000000000e+01,2.300000000000000000e+01
4.103802740573883057e+02,8.000000000000000000e+01,0.000000000000000000e+00,2.412099999999999866e+01,2.379899999999999949e+01,2.300000000000000000e+01,2.300000000000000000e+01
4.113812999725341797e+02,8.000000000000000000e+01,0.000000000000000000e+00,2.412099999999999866e+01,2.379899999999999949e+01,2.300000000000000000e+01,2.300000000000000000e+01
4.123823239803314209e+02,8.000000000000000000e+01,0.000000000000000000e+00,2.412099999999999866e+01,2.379899999999999949e+01,2.300000000000000000e+01,2.300000000000000000e+01
4.133828849792480469e+02,8.000000000000000000e+01,0.000000000000000000e+00,2.412099999999999866e+01,2.379899999999999949e+01,2.300000000000000000e+01,2.300000000000000000e+01
4.143839180469512939e+02,8.000000000000000000e+01,0.000000000000000000e+00,2.412099999999999866e+01,2.379899999999999949e+01,2.300000000000000000e+01,2.300000000000000000e+01
4.153849439620971680e+02,8.000000000000000000e+01,0.000000000000000000e+00,2.412099999999999866e+01,2.379899999999999949e+01,2.300000000000000000e+01,2.300000000000000000e+01
4.163855459690093994e+02,8.000000000000000000e+01,0.000000000000000000e+00,2.412099999999999866e+01,2.379899999999999949e+01,2.300000000000000000e+01,2.300000000000000000e+01
4.173865771293640137e+02,8.000000000000000000e+01,0.000000000000000000e+00,2.412099999999999866e+01,2.379899999999999949e+01,2.300000000000000000e+01,2.300000000000000000e+01
4.183876068592071533e+02,8.000000000000000000e+01,0.000000000000000000e+00,2.412099999999999866e+01,2.379899999999999949e+01,2.300000000000000000e+01,2.300000000000000000e+01
4.193878061771392822e+02,8.000000000000000000e+01,0.000000000000000000e+00,2.412099999999999866e+01,2.379899999999999949e+01,2.300000000000000000e+01,2.300000000000000000e+01
4.203888318538665771e+02,8.000000000000000000e+01,0.000000000000000000e+00,2.412099999999999866e+01,2.379899999999999949e+01,2.300000000000000000e+01,2.300000000000000000e+01
4.213898558616638184e+02,8.000000000000000000e+01,0.000000000000000000e+00,2.412099999999999866e+01,2.379899999999999949e+01,2.300000000000000000e+01,2.300000000000000000e+01
4.223908829689025879e+02,8.000000000000000000e+01,0.000000000000000000e+00,2.412099999999999866e+01,2.379899999999999949e+01,2.300000000000000000e+01,2.300000000000000000e+01
